470 135 
535 135
465 197
634 185
560 225
522 311
420 310
412 408
300 475
213 566
335 550
464 478
563 376
623 300
695 283
750 225
700 155
777 134
850 112
907 157
838 195
1033 122
977 193
901 252
825 327
740 412
664 369
600 453
470 546
315 623
320 716
322 830
444 662
555 650
619 545
722 486
837 488
773 558
903 564
790 627
842 628
980 684
1018 577
881 792
972 850
1044 777
1082 660
1109 729
1234 646
1120 564
1181 548
1161 493
1085 458
966 397
982 327
1079 311
1111 378
1032 233
1098 176
1133 128
1130 243
1234 161
1234 243
1291 243
1280 320