0 1 
0 2 
1 2 
1 4 
1 3 
2 6 
2 5 
2 4 
3 16 
3 15 
3 14 
3 13 
3 4 
4 13 
4 5 
5 13 
5 12 
5 7 
5 6 
6 7 
7 12 
7 11 
7 8 
8 11 
8 10 
8 9 
9 10 
9 29 
10 11 
10 28 
10 29 
11 12 
11 27 
11 28 
12 13 
12 26 
12 27 
13 14 
13 26 
14 15 
14 26 
15 16 
15 17 
15 20 
15 24 
16 17 
17 18 
17 20 
18 19 
18 20 
19 21 
19 22 
19 20 
19 23 
20 23 
20 24 
21 59 
21 58 
22 58 
22 57 
22 23 
23 57 
23 54 
23 24 
24 54 
24 25 
25 26 
25 27 
25 35 
26 27 
27 35 
27 34 
27 28 
28 34 
28 33 
28 32 
28 29 
29 32 
29 30 
30 32 
30 31 
32 33 
33 34 
34 35 
34 37 
35 36 
35 37 
36 38 
36 37 
37 38 
37 39 
38 42 
38 41 
38 40 
38 39 
39 40 
40 41 
40 43 
41 42 
41 46 
41 45 
41 43 
42 49 
42 46 
43 44 
44 45 
45 46 
45 47 
46 49 
46 48 
46 47 
48 49 
49 50 
49 52 
50 51 
51 52 
52 56 
52 53 
53 54 
54 57 
54 55 
54 56 
55 56 
55 57 
57 58 
58 60 
58 59 
59 61 
61 62 
61 63 
62 64 
62 63 
63 64