1 2
1 3
2 3
2 5
2 4
3 7 
3 6
3 5
4 17
4 16
4 15
4 14
4 5
5 14
5 6
6 14
6 13
6 8
6 7
7 8
8 13
8 12
8 9
9 12
9 11
9 10
10 11
10 30
11 12
11 29
11 30
12 13
12 28
12 29
13 14
13 27
13 28
14 15
14 27
15 16
15 27
16 17
16 18
16 21
16 25
17 18
18 19
18 21
19 20
19 21
20 22
20 23
20 21
20 24
21 24
21 25
22 60
22 59
23 59
23 58
23 24
24 58
24 55
24 25
25 55
25 26
26 27
26 28
26 36
27 28
28 36
28 35
28 29
29 35
29 34
29 33
29 30
30 33
30 31
31 33
31 32
33 34
34 35
35 36
35 38
36 37
36 38
37 39
37 38
38 39
38 40
39 43
39 42
39 41
39 40
40 41
41 42
41 44
42 43
42 47
42 46
42 44
43 50
43 47
44 45
45 46
46 47
46 48
47 50
47 49
47 48
49 50
50 51
50 53
51 52
52 53
53 57
53 54
54 55
55 58
55 56
55 57
56 57
56 58
58 59
59 61
59 60
60 62
62 63
62 64
63 65
63 64
64 65